58893
40123
52146
7746
5556
20525
13645
46323
33988
56928
63785
28235
10732
63821
34673
34799
33390
4834
10785
40529
64468
8857
1517
45964
49215
55946
54531
25149
47118
5663
11215
11394
46458
6529
39447
7849
732
32830
16129
44211
32672
8159
56413
42912
15341
20578
16376
58929
3267
60675
4142
10793
60194
25533
63109
29100
30224
34230
34602
12919
37376
46737
37363
33839
42426
4267
10299
30364
13975
6357
11731
21069
53445
29044
53686
19493
65025
27476
36902
59680
8815
26108
6896
29959
5587
14989
41175
12218
13356
48912
51644
16040
64783
9454
28059
46570
37482
10400
38832
50193
63103
55855
2231
61313
39850
6818
53809
33394
3986
43508
13383
32098
31887
63451
63378
21910
45060
34805
38640
12316
59633
5103
45770
24561
6147
9284
10812
33243
30499
22135
32412
22618
35737
13963
44514
24535
12264
29953
51240
13744
11132
25411
11988
15781
64215
19005
41013
14050
42146
12874
7124
38676
3106
42169
59847
54311
61733
26202
62672
14177
24052
1004
31681
15468
24164
42299
23917
55039
36084
7793
55961
40995
60780
51392
15972
58179
9360
47289
1660
45333
60425
24800
44190
36250
34071
18325
22867
27867
22041
59262
32833
37429
4829
5711
38788
32281
10235
59064
57603
32822
19164
11339
9589
16038
19507
55998
37005
45022
44685
64085
51990
43836
14232
59544
26292
32070
13821
60442
36354
26453
39094
39771
18128
53390
7238
22136
61951
18007
47148
47537
53388
30372
26619
57237
24296
44337
18725
60851
12758
20490
34347
27127
33349
34311
29264
26995
51944
58668
44047
49160
16934
28060
51429
60102
51331
33345
30844
47544
15873
14466
53393
33055
29650
38594
31671
23090
59807
60504
21619
16523
47773
46822
57670
28632
1387
53133
38509
40232
23977
18367
29902
38132
38558
16498
58227
33431
18058
37093
41001
3019
35103
39579
38059
23382
49458
43193
52796
54548
54297
36815
59010
9211
47360
29382
54068
35828
20883
12
22525
22189
42025
45496
38972
1786
30874
35422
30194
62323
31661
240
19920
31179
53438
50830
3838
10776
63806
25542
54579
55154
17643
21996
52807
13007
22475
64208
59075
33151
29434
49068
9341
45780
65161
23023
47129
58484
46184
23461
14227
41637
53685
60386
35397
32289
58391
25713
19238
2982
24432
51865
38270
61170
54287
43048
46240
6979
49759
30113
15659
9042
64924
13633
63346
63955
57090
55879
21528
22181
13630
53075
5880
35819
37845
13149
32295
44406
4935
60870
34038
50389
36810
24765
27121
26851
20777
33953
21680
31054
50589
30957
45586
16741
37561
56844
33794
45534
56846
33160
45852
19315
61954
22842
15640
21580
40470
27982
34908
58536
11096
63934
60561
39961
61833
47345
44811
35947
30420
20636
59702
16890
11725
16928
33918
14136
62309
28289
13202
25267
11157
15942
61808
40977
1814
15603
34068
11751
2494
35083
6539
22458
16200
53885
32641
9632
50890
56469
54196
54714
2796
5130
20201
16303
24975
59396
1234
39756
8205
15362
31066
35376
56595
41664
46085
36023
32035
44516
59663
3269
22205
44409
54418
454
48662
54103
30421
32861
22837
3073
20211
45628
60377
40451
23506
8077
47549
1376
51143
36752
1283
44968
